0.028668,-0.24,-0.26,0.35
0.041372,0,-0.26,0.35
0.043113,0,-0.26,0.35
0.044836,0,-0.26,0.35
0.04807,0,-0.26,0.35
0.050137,0,-0.26,0.11
0.051333,0,-0.26,0.11
0.052411,0,-0.26,0.11
0.053736,0,-0.26,0.11
0.054902,0,-0.26,0.11
0.055965,0,-0.26,0.11
0.057073,0,-0.26,0.11
0.058125,0,-0.26,0.11
0.059175,0,-0.26,0.11
0.060258,0,-0.26,0.11
0.06135,0,-0.26,0.11
0.062452,0,-0.26,0.11
0.063508,0,-0.26,0.11
0.064678,0,-0.26,0.11
0.065789,-0.24,-0.26,0.11
0.066944,-0.24,-0.26,0.11
0.068009,-0.24,-0.26,0.11
0.069269,-0.24,-0.26,0.11
0.070817,-0.24,-0.26,0.11
0.072027,-0.24,-0.26,0.11
0.073152,-0.24,-0.26,0.11
0.074212,-0.24,-0.26,0.11
0.075287,-0.24,-0.26,0.11
0.076347,-0.24,-0.26,0.11
0.07771,-0.24,-0.26,0.11
0.078765,-0.24,-0.26,0.11
0.080052,-0.24,-0.26,0.11
0.081379,-0.24,-0.26,0.11
0.082631,0,-0.26,0.35
0.083885,0,-0.26,0.35
0.085167,0,-0.26,0.35
0.086468,0,-0.26,0.35
0.087759,0,-0.26,0.35
0.089002,0,-0.26,0.35
0.090236,0,-0.26,0.35
0.091409,0,-0.26,0.35
0.092531,0,-0.26,0.35
0.093757,0,-0.26,0.35
0.094901,0,-0.26,0.35
0.096048,0,-0.26,0.35
0.097327,0,-0.26,0.35
0.098536,0,-0.26,0.35
0.099674,0,-0.26,0.35
0.100966,0,-0.26,0.35
0.102129,0,-0.26,0.35
0.103369,0,-0.26,0.35
0.104503,0,-0.26,0.35
0.105626,0,-0.26,0.35
0.106681,0,-0.26,0.35
0.107731,0,-0.26,0.35
0.108886,0,-0.26,0.35
0.109969,0,-0.26,0.35
0.111014,0,-0.26,0.35
0.112059,0,-0.26,0.35
0.113351,0,-0.26,0.35
0.114502,-0.24,-0.5,0.35
0.115587,-0.24,-0.5,0.35
0.116915,-0.24,-0.5,0.35
0.11823,-0.24,-0.5,0.35
0.119333,-0.24,-0.5,0.35
0.120354,-0.24,-0.5,0.35
0.121444,-0.24,-0.5,0.35
0.12248,-0.24,-0.5,0.35
0.1235,-0.24,-0.5,0.35
0.124527,-0.24,-0.5,0.35
0.1256,-0.24,-0.5,0.35
0.126626,-0.24,-0.5,0.35
0.127655,-0.24,-0.5,0.35
0.128762,-0.24,-0.5,0.35
0.129866,0.72,-0.26,0.35
0.130961,0.72,-0.26,0.35
0.132022,0.72,-0.26,0.35
0.133157,0.72,-0.26,0.35
0.13422,0.72,-0.26,0.35
0.135325,0.72,-0.26,0.35
0.136351,0.72,-0.26,0.35
0.137448,0.72,-0.26,0.35
0.138482,0.72,-0.26,0.35
0.139504,0.72,-0.26,0.35
0.140577,0.72,-0.26,0.35
0.141698,0.72,-0.26,0.35
0.142733,0.72,-0.26,0.35
0.143771,0.72,-0.26,0.35
0.144934,0.72,-0.26,0.35
0.145963,0.72,-0.26,0.11
0.147074,0.72,-0.26,0.11
0.148183,0.72,-0.26,0.11
0.149333,0.72,-0.26,0.11
0.150422,0.72,-0.26,0.11
0.151506,0.72,-0.26,0.11
0.15254,0.72,-0.26,0.11
0.153653,0.72,-0.26,0.11
0.154684,0.72,-0.26,0.11
0.15571,0.72,-0.26,0.11
0.156743,0.72,-0.26,0.11
0.157816,0.72,-0.26,0.11
0.158855,0.72,-0.26,0.11
0.159887,0.72,-0.26,0.11
0.16101,0.72,-0.26,0.11
0.162039,0.96,-0.26,0.11
0.163137,0.96,-0.26,0.11
0.164167,0.96,-0.26,0.11
0.165333,0.96,-0.26,0.11
0.16642,0.96,-0.26,0.11
0.167502,0.96,-0.26,0.11
0.168538,0.96,-0.26,0.11
0.169788,0.96,-0.26,0.11
0.170824,0.96,-0.26,0.11
0.171864,0.96,-0.26,0.11
0.172945,0.96,-0.26,0.11
0.173978,0.96,-0.26,0.11
0.175006,0.96,-0.26,0.11
0.176037,0.96,-0.26,0.11
0.177198,0.96,-0.26,0.11
0.178247,1.2,-0.26,0.35
0.179346,1.2,-0.26,0.35
0.180452,1.2,-0.26,0.35
0.181594,1.2,-0.26,0.35
0.182814,1.2,-0.26,0.35
0.183853,1.2,-0.26,0.35
0.184888,1.2,-0.26,0.35
0.185917,1.2,-0.26,0.35
0.186946,1.2,-0.26,0.35
0.187973,1.2,-0.26,0.35
0.189011,1.2,-0.26,0.35
0.190052,1.2,-0.26,0.35
0.191077,1.2,-0.26,0.35
0.192098,1.2,-0.26,0.35
0.193196,1.2,-0.26,0.35
0.194219,1.44,-0.26,0.35
0.19531,1.44,-0.26,0.35
0.19634,1.44,-0.26,0.35
0.1975,1.44,-0.26,0.35
0.198624,1.44,-0.26,0.35
0.199651,1.44,-0.26,0.35
0.200675,1.44,-0.26,0.35
0.201748,1.44,-0.26,0.35
0.202775,1.44,-0.26,0.35
0.203803,1.44,-0.26,0.35
0.204857,1.44,-0.26,0.35
0.205893,1.44,-0.26,0.35
0.206912,1.44,-0.26,0.35
0.207987,1.44,-0.26,0.35
0.209145,1.44,-0.26,0.35
0.210173,1.92,-0.26,0.35
0.211265,1.92,-0.26,0.35
0.212292,1.92,-0.26,0.35
0.213461,1.92,-0.26,0.35
0.214603,1.92,-0.26,0.35
0.215631,1.92,-0.26,0.35
0.216659,1.92,-0.26,0.35
0.217725,1.92,-0.26,0.35
0.21875,1.92,-0.26,0.35
0.219776,1.92,-0.26,0.35
0.220832,1.92,-0.26,0.35
0.221875,1.92,-0.26,0.35
0.222907,1.92,-0.26,0.35
0.22394,1.92,-0.26,0.35
0.225092,1.92,-0.26,0.35
0.22613,1.92,-0.26,0.11
0.227225,1.92,-0.26,0.11
0.228363,1.92,-0.26,0.11
0.229517,1.92,-0.26,0.11
0.230648,1.92,-0.26,0.11
0.231673,1.92,-0.26,0.11
0.232717,1.92,-0.26,0.11
0.233821,1.92,-0.26,0.11
0.23486,1.92,-0.26,0.11
0.235923,1.92,-0.26,0.11
0.237015,1.92,-0.26,0.11
0.238047,1.92,-0.26,0.11
0.23909,1.92,-0.26,0.11
0.240122,1.92,-0.26,0.11
0.241302,1.92,-0.26,0.11
0.242334,2.64,-0.26,0.11
0.243431,2.64,-0.26,0.11
0.244556,2.64,-0.26,0.11
0.245679,2.64,-0.26,0.11
0.24678,2.64,-0.26,0.11
0.247813,2.64,-0.26,0.11
0.248882,2.64,-0.26,0.11
0.249912,2.64,-0.26,0.11
0.250985,2.64,-0.26,0.11
0.252014,2.64,-0.26,0.11
0.253049,2.64,-0.26,0.11
0.254078,2.64,-0.26,0.11
0.255111,2.64,-0.26,0.11
0.25614,2.64,-0.26,0.11
0.257253,2.64,-0.26,0.11
0.258281,3.12,-0.26,0.35
0.259378,3.12,-0.26,0.35
0.260452,3.12,-0.26,0.35
0.261572,3.12,-0.26,0.35
0.262737,3.12,-0.26,0.35
0.263771,3.12,-0.26,0.35
0.264805,3.12,-0.26,0.35
0.265891,3.12,-0.26,0.35
0.266927,3.12,-0.26,0.35
0.267957,3.12,-0.26,0.35
0.269059,3.12,-0.26,0.35
0.270102,3.12,-0.26,0.35
0.271463,3.12,-0.26,0.35
0.272568,3.12,-0.26,0.35
0.273665,3.6,-0.26,0.35
0.274769,3.6,-0.26,0.35
0.275817,3.6,-0.26,0.35
0.277015,3.6,-0.26,0.35
0.278251,3.6,-0.26,0.35
0.279356,3.6,-0.26,0.35
0.280424,3.6,-0.26,0.35
0.281528,3.6,-0.26,0.35
0.282574,3.6,-0.26,0.35
0.283605,3.6,-0.26,0.35
0.284751,3.6,-0.26,0.35
0.285791,3.6,-0.26,0.35
0.286832,3.6,-0.26,0.35
0.287874,3.6,-0.26,0.35
0.288986,3.6,-0.26,0.35
0.290281,4.08,-0.5,0.11
0.291737,4.08,-0.5,0.11
0.293037,4.08,-0.5,0.11
0.294187,4.08,-0.5,0.11
0.295383,4.08,-0.5,0.11
0.296495,4.08,-0.5,0.11
0.297647,4.08,-0.5,0.11
0.298752,4.08,-0.5,0.11
0.299855,4.08,-0.5,0.11
0.301006,4.08,-0.5,0.11
0.30212,4.08,-0.5,0.11
0.303219,4.08,-0.5,0.11
0.30432,4.08,-0.5,0.11
0.305671,4.08,-0.5,0.11
0.307431,4.08,-0.26,0.11
0.308989,4.08,-0.26,0.11
0.310156,4.08,-0.26,0.11
0.311325,4.08,-0.26,0.11
0.312356,4.08,-0.26,0.11
0.313523,4.08,-0.26,0.11
0.314556,4.08,-0.26,0.11
0.31561,4.08,-0.26,0.11
0.316641,4.08,-0.26,0.11
0.31773,4.08,-0.26,0.11
0.319027,4.08,-0.26,0.11
0.320341,4.08,-0.26,0.11
0.321545,4.08,-0.26,0.11
0.322694,4.32,-0.26,0.35
0.32372,4.32,-0.26,0.35
0.324913,4.32,-0.26,0.35
0.325976,4.32,-0.26,0.35
0.327114,4.32,-0.26,0.35
0.328147,4.32,-0.26,0.35
0.329386,4.32,-0.26,0.35
0.330454,4.32,-0.26,0.35
0.33149,4.32,-0.26,0.35
0.332526,4.32,-0.26,0.35
0.333619,4.32,-0.26,0.35
0.334662,4.32,-0.26,0.35
0.33569,4.32,-0.26,0.35
0.336863,4.32,-0.26,0.35
0.337917,4.08,-0.26,0.35
0.339051,4.08,-0.26,0.35
0.340076,4.08,-0.26,0.35
0.341332,4.08,-0.26,0.35
0.342408,4.08,-0.26,0.35
0.343521,4.08,-0.26,0.35
0.344548,4.08,-0.26,0.35
0.345642,4.08,-0.26,0.35
0.346682,4.08,-0.26,0.35
0.34772,4.08,-0.26,0.35
0.348785,4.08,-0.26,0.35
0.349886,4.08,-0.26,0.35
0.350923,4.08,-0.26,0.35
0.351956,4.08,-0.26,0.35
0.353174,4.08,-0.26,0.35
0.354373,5.28,-0.26,0.35
0.355508,5.28,-0.26,0.35
0.356636,5.28,-0.26,0.35
0.35776,5.28,-0.26,0.35
0.358893,5.28,-0.26,0.35
0.359932,5.28,-0.26,0.35
0.361018,5.28,-0.26,0.35
0.362045,5.28,-0.26,0.35
0.363106,5.28,-0.26,0.35
0.364129,5.28,-0.26,0.35
0.365231,5.28,-0.26,0.35
0.36627,5.28,-0.26,0.35
0.367297,5.28,-0.26,0.35
0.368325,5.28,-0.26,0.35
0.369519,5.28,-0.26,0.35
0.370649,5.52,-0.26,0.35
0.371671,5.52,-0.26,0.35
0.372806,5.52,-0.26,0.35
0.37392,5.52,-0.26,0.35
0.375053,5.52,-0.26,0.35
0.376078,5.52,-0.26,0.35
0.377139,5.52,-0.26,0.35
0.378169,5.52,-0.26,0.35
0.379195,5.52,-0.26,0.35
0.380252,5.52,-0.26,0.35
0.381318,5.52,-0.26,0.35
0.382347,5.52,-0.26,0.35
0.383375,5.52,-0.26,0.35
0.384469,5.52,-0.26,0.35
0.385586,5.76,-0.26,0.35
0.386819,5.76,-0.26,0.35
0.387926,5.76,-0.26,0.35
0.3891,5.76,-0.26,0.35
0.390155,5.76,-0.26,0.35
0.391294,5.76,-0.26,0.35
0.392314,5.76,-0.26,0.35
0.393382,5.76,-0.26,0.35
0.39441,5.76,-0.26,0.35
0.395436,5.76,-0.26,0.35
0.396474,5.76,-0.26,0.35
0.397538,5.76,-0.26,0.35
0.398562,5.76,-0.26,0.35
0.399581,5.76,-0.26,0.35
0.40071,5.76,-0.26,0.35
0.401775,6.24,-0.26,0.35
0.402909,6.24,-0.26,0.35
0.403933,6.24,-0.26,0.35
0.405101,6.24,-0.26,0.35
0.406163,6.24,-0.26,0.35
0.407289,6.24,-0.26,0.35
0.408347,6.24,-0.26,0.35
0.409424,6.24,-0.26,0.35
0.410446,6.24,-0.26,0.35
0.41147,6.24,-0.26,0.35
0.412493,6.24,-0.26,0.35
0.413559,6.24,-0.26,0.35
0.414584,6.24,-0.26,0.35
0.415616,6.24,-0.26,0.35
0.416753,6.24,-0.26,0.35
0.417863,6.48,-0.26,0.35
0.418991,6.48,-0.26,0.35
0.420012,6.48,-0.26,0.35
0.421191,6.48,-0.26,0.35
0.422279,6.48,-0.26,0.35
0.423412,6.48,-0.26,0.35
0.424435,6.48,-0.26,0.35
0.42552,6.48,-0.26,0.35
0.42655,6.48,-0.26,0.35
0.427586,6.48,-0.26,0.35
0.428614,6.48,-0.26,0.35
0.4297,6.48,-0.26,0.35
0.430759,6.48,-0.26,0.35
0.43179,6.48,-0.26,0.35
0.432979,6.48,-0.26,0.35
0.434021,6.96,-0.26,0.11
0.435193,6.96,-0.26,0.11
0.436222,6.96,-0.26,0.11
0.437412,6.96,-0.26,0.11
0.438569,6.96,-0.26,0.11
0.439623,6.96,-0.26,0.11
0.440679,6.96,-0.26,0.11
0.441777,6.96,-0.26,0.11
0.442872,6.96,-0.26,0.11
0.443905,6.96,-0.26,0.11
0.444977,6.96,-0.26,0.11
0.446017,6.96,-0.26,0.11
0.447041,6.96,-0.26,0.11
0.448068,6.96,-0.26,0.11
0.44926,6.96,-0.26,0.11
0.450289,7.2,-0.26,0.35
0.451458,7.2,-0.26,0.35
0.452599,7.2,-0.26,0.35
0.453702,7.2,-0.26,0.35
0.454837,7.2,-0.26,0.35
0.455865,7.2,-0.26,0.35
0.456929,7.2,-0.26,0.35
0.457966,7.2,-0.26,0.35
0.458995,7.2,-0.26,0.35
0.460022,7.2,-0.26,0.35
0.461092,7.2,-0.26,0.35
0.462122,7.2,-0.26,0.35
0.463185,7.2,-0.26,0.35
0.464224,7.2,-0.26,0.35
0.465436,7.2,-0.26,0.35
0.466603,7.92,-0.26,0.35
0.467634,7.92,-0.26,0.35
0.468765,7.92,-0.26,0.35
0.469983,7.92,-0.26,0.35
0.471291,7.92,-0.26,0.35
0.472316,7.92,-0.26,0.35
0.473404,7.92,-0.26,0.35
0.474426,7.92,-0.26,0.35
0.475451,7.92,-0.26,0.35
0.47647,7.92,-0.26,0.35
0.477839,7.92,-0.26,0.35
0.478866,7.92,-0.26,0.35
0.480185,7.92,-0.26,0.35
0.481465,7.92,-0.26,0.35
0.48263,8.4,-0.26,0.35
0.483671,8.4,-0.26,0.35
0.484836,8.4,-0.26,0.35
0.486313,8.4,-0.26,0.35
0.487652,8.4,-0.26,0.35
0.488857,8.4,-0.26,0.35
0.490083,8.4,-0.26,0.35
0.491243,8.4,-0.26,0.35
0.492374,8.4,-0.26,0.35
0.493541,8.4,-0.26,0.35
0.494637,8.4,-0.26,0.35
0.495733,8.4,-0.26,0.35
0.496984,8.4,-0.26,0.35
0.498098,8.88,-0.26,0.35
0.499294,8.88,-0.26,0.35
0.500579,8.88,-0.26,0.35
0.502395,8.88,-0.26,0.35
0.503793,8.88,-0.26,0.35
0.5051,8.88,-0.26,0.35
0.506166,8.88,-0.26,0.35
0.507262,8.88,-0.26,0.35
0.508368,8.88,-0.26,0.35
0.509591,8.88,-0.26,0.35
0.510691,8.88,-0.26,0.35
0.511811,8.88,-0.26,0.35
0.51302,8.88,-0.26,0.35
0.514109,8.88,-0.26,0.35
0.515274,8.88,-0.26,0.35
0.516345,8.88,-0.26,0.35
0.51755,8.88,-0.26,0.35
0.518721,8.88,-0.26,0.35
0.520016,8.88,-0.26,0.35
0.521233,8.88,-0.26,0.35
0.522269,8.88,-0.26,0.35
0.523301,8.88,-0.26,0.35
0.524376,8.88,-0.26,0.35
0.525594,8.88,-0.26,0.35
0.526885,8.88,-0.26,0.35
0.528366,8.88,-0.26,0.35
0.529686,9.12,-0.26,0.11
0.530878,9.12,-0.26,0.11
0.531926,9.12,-0.26,0.11
0.533127,9.12,-0.26,0.11
0.534202,9.12,-0.26,0.11
0.53534,9.12,-0.26,0.11
0.536421,9.12,-0.26,0.11
0.537563,9.12,-0.26,0.11
0.538671,9.12,-0.26,0.11
0.539764,9.12,-0.26,0.11
0.540926,9.12,-0.26,0.11
0.542033,9.12,-0.26,0.11
0.543126,9.12,-0.26,0.11
0.544215,9.12,-0.26,0.11
0.545471,9.12,-0.26,0.11
0.546637,9.6,-0.26,0.35
0.547703,9.6,-0.26,0.35
0.548934,9.6,-0.26,0.35
0.550004,9.6,-0.26,0.35
0.551145,9.6,-0.26,0.35
0.552172,9.6,-0.26,0.35
0.553277,9.6,-0.26,0.35
0.554339,9.6,-0.26,0.35
0.555399,9.6,-0.26,0.35
0.556428,9.6,-0.26,0.35
0.557582,9.6,-0.26,0.35
0.558661,9.6,-0.26,0.35
0.559685,9.6,-0.26,0.35
0.560992,9.6,-0.26,0.35
0.562043,9.6,-0.26,0.35
0.563183,9.6,-0.26,0.35
0.564244,9.6,-0.26,0.35
0.565449,9.6,-0.26,0.35
0.566638,9.6,-0.26,0.35
0.567664,9.6,-0.26,0.35
0.568689,9.6,-0.26,0.35
0.569925,9.6,-0.26,0.35
0.570966,9.6,-0.26,0.35
0.572063,9.6,-0.26,0.35
0.573167,9.6,-0.26,0.35
0.574199,9.6,-0.26,0.35
0.575234,9.6,-0.26,0.35
0.576277,9.6,-0.26,0.35
0.577475,9.6,-0.26,0.35
0.57862,9.84,-0.26,0.35
0.579648,9.84,-0.26,0.35
0.580864,9.84,-0.26,0.35
0.581962,9.84,-0.26,0.35
0.583113,9.84,-0.26,0.35
0.584149,9.84,-0.26,0.35
0.585264,9.84,-0.26,0.35
0.586294,9.84,-0.26,0.35
0.587326,9.84,-0.26,0.35
0.588362,9.84,-0.26,0.35
0.589485,9.84,-0.26,0.35
0.590517,9.84,-0.26,0.35
0.591628,9.84,-0.26,0.35
0.592831,9.84,-0.26,0.35
0.593929,10.32,-0.26,0.11
0.59508,10.32,-0.26,0.11
0.596118,10.32,-0.26,0.11
0.597336,10.32,-0.26,0.11
0.598593,10.32,-0.26,0.11
0.599693,10.32,-0.26,0.11
0.601016,10.32,-0.26,0.11
0.602205,10.32,-0.26,0.11
0.603416,10.32,-0.26,0.11
0.604604,10.32,-0.26,0.11
0.60585,10.32,-0.26,0.11
0.607013,10.32,-0.26,0.11
0.608238,10.32,-0.26,0.11
0.609526,10.32,-0.26,0.11
0.610733,10.32,-0.26,0.35
0.6119,10.32,-0.26,0.35
0.613218,10.32,-0.26,0.35
0.614635,10.32,-0.26,0.35
0.615814,10.32,-0.26,0.35
0.617058,10.32,-0.26,0.35
0.61827,10.32,-0.26,0.35
0.619443,10.32,-0.26,0.35
0.620639,10.32,-0.26,0.35
0.621918,10.32,-0.26,0.35
0.623129,10.32,-0.26,0.35
0.624351,10.32,-0.26,0.35
0.625638,10.32,-0.26,0.35
0.626842,11.52,-0.26,0.35
0.628072,11.52,-0.26,0.35
0.629346,11.52,-0.26,0.35
0.630636,11.52,-0.26,0.35
0.631875,11.52,-0.26,0.35
0.633045,11.52,-0.26,0.35
0.634165,11.52,-0.26,0.35
0.635218,11.52,-0.26,0.35
0.636258,11.52,-0.26,0.35
0.637394,11.52,-0.26,0.35
0.638431,11.52,-0.26,0.35
0.639472,11.52,-0.26,0.35
0.640595,11.52,-0.26,0.35
0.641705,11.76,-0.26,0.35
0.64285,11.76,-0.26,0.35
0.643918,11.76,-0.26,0.35
0.64511,11.76,-0.26,0.35
0.646176,11.76,-0.26,0.35
0.64731,11.76,-0.26,0.35
0.648342,11.76,-0.26,0.35
0.649437,11.76,-0.26,0.35
0.650481,11.76,-0.26,0.35
0.651527,11.76,-0.26,0.35
0.652554,11.76,-0.26,0.35
0.653646,11.76,-0.26,0.35
0.654675,11.76,-0.26,0.35
0.655713,11.76,-0.26,0.35
0.65691,11.76,-0.26,0.35
0.657964,11.76,-0.26,0.35
0.659224,11.76,-0.26,0.35
0.660319,11.76,-0.26,0.35
0.661592,11.76,-0.26,0.35
0.66288,11.76,-0.26,0.35
0.664018,11.76,-0.26,0.35
0.665154,11.76,-0.26,0.35
0.666278,11.76,-0.26,0.35
0.667378,11.76,-0.26,0.35
0.668621,11.76,-0.26,0.35
0.669989,11.76,-0.26,0.35
0.671339,11.76,-0.26,0.35
0.672537,11.76,-0.26,0.35
0.673728,12.24,-0.26,0.35
0.674939,12.24,-0.26,0.35
0.676089,12.24,-0.26,0.35
0.677524,12.24,-0.26,0.35
0.678742,12.24,-0.26,0.35
0.679848,12.24,-0.26,0.35
0.680991,12.24,-0.26,0.35
0.682092,12.24,-0.26,0.35
0.68321,12.24,-0.26,0.35
0.684313,12.24,-0.26,0.35
0.685474,12.24,-0.26,0.35
0.686568,12.24,-0.26,0.35
0.687774,12.24,-0.26,0.35
0.689016,12.24,-0.26,0.35
0.69012,12.96,-0.26,0.35
0.691287,12.96,-0.26,0.35
0.692409,12.96,-0.26,0.35
0.693678,12.96,-0.26,0.35
0.694888,12.96,-0.26,0.35
0.696011,12.96,-0.26,0.35
0.697159,12.96,-0.26,0.35
0.698263,12.96,-0.26,0.35
0.699366,12.96,-0.26,0.35
0.700474,12.96,-0.26,0.35
0.701583,12.96,-0.26,0.35
0.702697,12.96,-0.26,0.35
0.703797,12.96,-0.26,0.35
0.704975,12.96,-0.26,0.35
0.706078,13.44,-0.26,0.35
0.707224,13.44,-0.26,0.35
0.708272,13.44,-0.26,0.35
0.70947,13.44,-0.26,0.35
0.71065,13.44,-0.26,0.35
0.711689,13.44,-0.26,0.35
0.712728,13.44,-0.26,0.35
0.713803,13.44,-0.26,0.35
0.714853,13.44,-0.26,0.35
0.71589,13.44,-0.26,0.35
0.71696,13.44,-0.26,0.35
0.717991,13.44,-0.26,0.35
0.71902,13.44,-0.26,0.35
0.720299,13.44,-0.26,0.35
0.721524,13.44,-0.26,0.35
0.722664,13.44,-0.26,0.35
0.723703,13.44,-0.26,0.35
0.724883,13.44,-0.26,0.35
0.725949,13.44,-0.26,0.35
0.727085,13.44,-0.26,0.35
0.728124,13.44,-0.26,0.35
0.729199,13.44,-0.26,0.35
0.730263,13.44,-0.26,0.35
0.731324,13.44,-0.26,0.35
0.732351,13.44,-0.26,0.35
0.733432,13.44,-0.26,0.35
0.734456,13.44,-0.26,0.35
0.735485,13.44,-0.26,0.35
0.736629,13.44,-0.26,0.35
0.7377,13.92,-0.5,0.35
0.738833,13.92,-0.5,0.35
0.739867,13.92,-0.5,0.35
0.741055,13.92,-0.5,0.35
0.742153,13.92,-0.5,0.35
0.743289,13.92,-0.5,0.35
0.744319,13.92,-0.5,0.35
0.745423,13.92,-0.5,0.35
0.746463,13.92,-0.5,0.35
0.747494,13.92,-0.5,0.35
0.748586,13.92,-0.5,0.35
0.749675,13.92,-0.5,0.35
0.750704,13.92,-0.5,0.35
0.751739,13.92,-0.5,0.35
0.752911,13.92,-0.5,0.35
0.753943,14.16,-0.26,0.35
0.755075,14.16,-0.26,0.35
0.756105,14.16,-0.26,0.35
0.757302,14.16,-0.26,0.35
0.758374,14.16,-0.26,0.35
0.75951,14.16,-0.26,0.35
0.760536,14.16,-0.26,0.35
0.761624,14.16,-0.26,0.35
0.762652,14.16,-0.26,0.35
0.763683,14.16,-0.26,0.35
0.764718,14.16,-0.26,0.35
0.765786,14.16,-0.26,0.35
0.766817,14.16,-0.26,0.35
0.767842,14.16,-0.26,0.35
0.769043,14.16,-0.26,0.35
0.770069,14.64,-0.26,0.35
0.771213,14.64,-0.26,0.35
0.772242,14.64,-0.26,0.35
0.77343,14.64,-0.26,0.35
0.774583,14.64,-0.26,0.35
0.77577,14.64,-0.26,0.35
0.776838,14.64,-0.26,0.35
0.777894,14.64,-0.26,0.35
0.778917,14.64,-0.26,0.35
0.779942,14.64,-0.26,0.35
0.781042,14.64,-0.26,0.35
0.782072,14.64,-0.26,0.35
0.783108,14.64,-0.26,0.35
0.784134,14.64,-0.26,0.35
0.785308,14.64,-0.26,0.35
0.786339,14.88,-0.26,0.35
0.787509,14.88,-0.26,0.35
0.788643,14.88,-0.26,0.35
0.789775,14.88,-0.26,0.35
0.790909,14.88,-0.26,0.35
0.791936,14.88,-0.26,0.35
0.793001,14.88,-0.26,0.35
0.794029,14.88,-0.26,0.35
0.795061,14.88,-0.26,0.35
0.796083,14.88,-0.26,0.35
0.797218,14.88,-0.26,0.35
0.798252,14.88,-0.26,0.35
0.799276,14.88,-0.26,0.35
0.800304,14.88,-0.26,0.35
0.801493,14.88,-0.26,0.35
0.802626,15.36,-0.26,0.35
0.803652,15.36,-0.26,0.35
0.804784,15.36,-0.26,0.35
0.805902,15.36,-0.26,0.35
0.807042,15.36,-0.26,0.35
0.808113,15.36,-0.26,0.35
0.809191,15.36,-0.26,0.35
0.810237,15.36,-0.26,0.35
0.811275,15.36,-0.26,0.35
0.812299,15.36,-0.26,0.35
0.813368,15.36,-0.26,0.35
0.814398,15.36,-0.26,0.35
0.815419,15.36,-0.26,0.35
0.816514,15.36,-0.26,0.35
0.817608,15.36,-0.26,0.35
0.818734,15.36,-0.26,0.35
0.819766,15.36,-0.26,0.35
0.821074,15.36,-0.26,0.35
0.822131,15.36,-0.26,0.35
0.823225,15.36,-0.26,0.35
0.824253,15.36,-0.26,0.35
0.825315,15.36,-0.26,0.35
0.826348,15.36,-0.26,0.35
0.827368,15.36,-0.26,0.35
0.828387,15.36,-0.26,0.35
0.829447,15.36,-0.26,0.35
0.830468,15.36,-0.26,0.35
0.831524,15.36,-0.26,0.35
0.832633,15.36,-0.26,0.35
0.833692,15.6,-0.26,0.35
0.834778,15.6,-0.26,0.35
0.835801,15.6,-0.26,0.35
0.836952,15.6,-0.26,0.35
0.838015,15.6,-0.26,0.35
0.839107,15.6,-0.26,0.35
0.840126,15.6,-0.26,0.35
0.841214,15.6,-0.26,0.35
0.842267,15.6,-0.26,0.35
0.843291,15.6,-0.26,0.35
0.844319,15.6,-0.26,0.35
0.8454,15.6,-0.26,0.35
0.846425,15.6,-0.26,0.35
0.847455,15.6,-0.26,0.35
0.848538,15.6,-0.26,0.35
0.849642,16.32,-0.26,0.35
0.850742,16.32,-0.26,0.35
0.851797,16.32,-0.26,0.35
0.852957,16.32,-0.26,0.35
0.854019,16.32,-0.26,0.35
0.855115,16.32,-0.26,0.35
0.856145,16.32,-0.26,0.35
0.857226,16.32,-0.26,0.35
0.858253,16.32,-0.26,0.35
0.859272,16.32,-0.26,0.35
0.860294,16.32,-0.26,0.35
0.861322,16.32,-0.26,0.35
0.86235,16.32,-0.26,0.35
0.863406,16.32,-0.26,0.35
0.864474,16.32,-0.26,0.35
0.865574,16.56,-0.26,0.35
0.866671,16.56,-0.26,0.35
0.867699,16.56,-0.26,0.35
0.868832,16.56,-0.26,0.35
0.869899,16.56,-0.26,0.35
0.871163,16.56,-0.26,0.35
0.872188,16.56,-0.26,0.35
0.873267,16.56,-0.26,0.35
0.874284,16.56,-0.26,0.35
0.875317,16.56,-0.26,0.35
0.876333,16.56,-0.26,0.35
0.877599,16.56,-0.26,0.35
0.878658,16.56,-0.26,0.35
0.879679,16.56,-0.26,0.35
0.880889,16.56,-0.26,0.35
0.881914,16.8,-0.26,0.35
0.883081,16.8,-0.26,0.35
0.884105,16.8,-0.26,0.35
0.885311,16.8,-0.26,0.35
0.886373,16.8,-0.26,0.35
0.887509,16.8,-0.26,0.35
0.888534,16.8,-0.26,0.35
0.88963,16.8,-0.26,0.35
0.890954,16.8,-0.26,0.35
0.892453,16.8,-0.26,0.35
0.893675,16.8,-0.26,0.35
0.894838,16.8,-0.26,0.35
0.895975,16.8,-0.26,0.35
0.897224,16.8,-0.26,0.35
0.898323,17.76,-0.26,0.35
0.899552,17.76,-0.26,0.35
0.900763,17.76,-0.26,0.35
0.901954,17.76,-0.26,0.35
0.903153,17.76,-0.26,0.35
0.904248,17.76,-0.26,0.35
0.905502,17.76,-0.26,0.35
0.907093,17.76,-0.26,0.35
0.90831,17.76,-0.26,0.35
0.909532,17.76,-0.26,0.35
0.910643,17.76,-0.26,0.35
0.911919,17.76,-0.26,0.35
0.913207,17.76,-0.26,0.35
0.914314,18,-0.26,0.35
0.915508,18,-0.26,0.35
0.916669,18,-0.26,0.35
0.917823,18,-0.26,0.35
0.918983,18,-0.26,0.35
0.920073,18,-0.26,0.35
0.921553,18,-0.26,0.35
0.922674,18,-0.26,0.35
0.923766,18,-0.26,0.35
0.924905,18,-0.26,0.35
0.926002,18,-0.26,0.35
0.927096,18,-0.26,0.35
0.928199,18,-0.26,0.35
0.92941,18,-0.26,0.35
0.930571,18.24,-0.26,0.35
0.931666,18.24,-0.26,0.35
0.932855,18.24,-0.26,0.35
0.93398,18.24,-0.26,0.35
0.935256,18.24,-0.26,0.35
0.936333,18.24,-0.26,0.35
0.937423,18.24,-0.26,0.35
0.93845,18.24,-0.26,0.35
0.93948,18.24,-0.26,0.35
0.940513,18.24,-0.26,0.35
0.94171,18.24,-0.26,0.35
0.942737,18.24,-0.26,0.35
0.943764,18.24,-0.26,0.35
0.944982,18.24,-0.26,0.35
0.946008,18.72,-0.26,0.35
0.947147,18.72,-0.26,0.35
0.948204,18.72,-0.26,0.35
0.949402,18.72,-0.26,0.35
0.950561,18.72,-0.26,0.35
0.951641,18.72,-0.26,0.35
0.952672,18.72,-0.26,0.35
0.954022,18.72,-0.26,0.35
0.955052,18.72,-0.26,0.35
0.956079,18.72,-0.26,0.35
0.957163,18.72,-0.26,0.35
0.95819,18.72,-0.26,0.35
0.959218,18.72,-0.26,0.35
0.960255,18.72,-0.26,0.35
0.961446,18.72,-0.26,0.35
0.962572,18.72,-0.26,0.35
0.963617,18.72,-0.26,0.35
0.964751,18.72,-0.26,0.35
0.965908,18.72,-0.26,0.35
0.967048,18.72,-0.26,0.35
0.968075,18.72,-0.26,0.35
0.969167,18.72,-0.26,0.35
0.970192,18.72,-0.26,0.35
0.971225,18.72,-0.26,0.35
0.972256,18.72,-0.26,0.35
0.973389,18.72,-0.26,0.35
0.974415,18.72,-0.26,0.35
0.975443,18.72,-0.26,0.35
0.97658,18.72,-0.26,0.35
0.977677,19.2,-0.26,0.35
0.978822,19.2,-0.26,0.35
0.979841,19.2,-0.26,0.35
0.981077,19.2,-0.26,0.35
0.982369,19.2,-0.26,0.35
0.983538,19.2,-0.26,0.35
0.984569,19.2,-0.26,0.35
0.985863,19.2,-0.26,0.35
0.987024,19.2,-0.26,0.35
0.988394,19.2,-0.26,0.35
0.989625,19.2,-0.26,0.35
0.990744,19.2,-0.26,0.35
0.991992,19.2,-0.26,0.35
0.993395,19.2,-0.26,0.35
0.994563,18.96,-0.26,0.35
0.999878,18.96,-0.26,0.35
1.001214,18.96,-0.26,0.35
1.002324,18.96,-0.26,0.35
1.003545,18.96,-0.26,0.35
1.004638,18.96,-0.26,0.35
1.00592,18.96,-0.26,0.35
1.007249,18.96,-0.26,0.35
1.008996,18.96,-0.26,0.35
1.010184,19.44,-0.26,0.35
1.011379,19.44,-0.26,0.35
1.012526,19.44,-0.26,0.35
1.01369,19.44,-0.26,0.35
1.014857,19.44,-0.26,0.35
1.015947,19.44,-0.26,0.35
1.017083,19.44,-0.26,0.35
1.018253,19.44,-0.26,0.35
1.019339,19.44,-0.26,0.35
1.020649,19.44,-0.26,0.35
1.021746,19.44,-0.26,0.35
1.022832,19.44,-0.26,0.35
1.023921,19.44,-0.26,0.35
1.025089,19.44,-0.26,0.35
1.026177,19.92,-0.26,0.35
1.027329,19.92,-0.26,0.35
1.028413,19.92,-0.26,0.35
1.029569,19.92,-0.26,0.35
1.030725,19.92,-0.26,0.35
1.031778,19.92,-0.26,0.35
1.032791,19.92,-0.26,0.35
1.033862,19.92,-0.26,0.35
1.03491,19.92,-0.26,0.35
1.035933,19.92,-0.26,0.35
1.037019,19.92,-0.26,0.35
1.038034,19.92,-0.26,0.35
1.039046,19.92,-0.26,0.35
1.040057,19.92,-0.26,0.35
1.041272,19.92,-0.26,0.35
1.042291,20.4,-0.26,0.35
1.043409,20.4,-0.26,0.35
1.044476,20.4,-0.26,0.35
1.045612,20.4,-0.26,0.35
1.046744,20.4,-0.26,0.35
1.047755,20.4,-0.26,0.35
1.048779,20.4,-0.26,0.35
1.049854,20.4,-0.26,0.35
1.050896,20.4,-0.26,0.35
1.051917,20.4,-0.26,0.35
1.052971,20.4,-0.26,0.35
1.054161,20.4,-0.26,0.35
1.055181,20.4,-0.26,0.35
1.056189,20.4,-0.26,0.35
1.057354,20.4,-0.26,0.35
1.058368,20.64,-0.26,0.35
1.059491,20.64,-0.26,0.35
1.060629,20.64,-0.26,0.35
1.061735,20.64,-0.26,0.35
1.062846,20.64,-0.26,0.35
1.063898,20.64,-0.26,0.35
1.064982,20.64,-0.26,0.35
1.066028,20.64,-0.26,0.35
1.067055,20.64,-0.26,0.35
1.068072,20.64,-0.26,0.35
1.069142,20.64,-0.26,0.35
1.070208,20.64,-0.26,0.35
1.071532,20.64,-0.26,0.35
1.072702,20.64,-0.26,0.35
1.073903,21.84,-0.26,0.35
1.075026,21.84,-0.26,0.35
1.076037,21.84,-0.26,0.35
1.077377,21.84,-0.26,0.35
1.078654,21.84,-0.26,0.35
1.079706,21.84,-0.26,0.35
1.080735,21.84,-0.26,0.35
1.081837,21.84,-0.26,0.35
1.082856,21.84,-0.26,0.35
1.083871,21.84,-0.26,0.35
1.084927,21.84,-0.26,0.35
1.085958,21.84,-0.26,0.35
1.087009,21.84,-0.26,0.35
1.088025,21.84,-0.26,0.35
1.089183,21.84,-0.26,0.35
1.090196,22.08,-0.26,0.35
1.091318,22.08,-0.26,0.35
1.092377,22.08,-0.26,0.35
1.093549,22.08,-0.26,0.35
1.094704,22.08,-0.26,0.35
1.095722,22.08,-0.26,0.35
1.096738,22.08,-0.26,0.35
1.097807,22.08,-0.26,0.35
1.098835,22.08,-0.26,0.35
1.099854,22.08,-0.26,0.35
1.100909,22.08,-0.26,0.35
1.101921,22.08,-0.26,0.35
1.102929,22.08,-0.26,0.35
1.104021,22.08,-0.26,0.35
1.105201,22.08,-0.26,0.35
1.106413,22.08,-0.26,0.35
1.107503,22.08,-0.26,0.35
1.108617,22.08,-0.26,0.35
1.109798,22.08,-0.26,0.35
1.110924,22.08,-0.26,0.35
1.111936,22.08,-0.26,0.35
1.113007,22.08,-0.26,0.35
1.11402,22.08,-0.26,0.35
1.115035,22.08,-0.26,0.35
1.116049,22.08,-0.26,0.35
1.117133,22.08,-0.26,0.35
1.118146,22.08,-0.26,0.35
1.119164,22.08,-0.26,0.35
1.120175,22.08,-0.26,0.35
1.121488,22.08,-0.26,0.35
1.122747,22.32,-0.26,0.35
1.123774,22.32,-0.26,0.35
1.124953,22.32,-0.26,0.35
1.126,22.32,-0.26,0.35
1.12712,22.32,-0.26,0.35
1.128141,22.32,-0.26,0.35
1.129213,22.32,-0.26,0.35
1.130231,22.32,-0.26,0.35
1.131286,22.32,-0.26,0.35
1.132337,22.32,-0.26,0.35
1.133392,22.32,-0.26,0.35
1.134414,22.32,-0.26,0.35
1.13544,22.32,-0.26,0.35
1.136549,22.32,-0.26,0.35
1.137619,22.8,-0.26,0.11
1.138745,22.8,-0.26,0.11
1.139763,22.8,-0.26,0.11
1.140942,22.8,-0.26,0.11
1.142068,22.8,-0.26,0.11
1.143199,22.8,-0.26,0.11
1.14422,22.8,-0.26,0.11
1.145292,22.8,-0.26,0.11
1.146305,22.8,-0.26,0.11
1.14733,22.8,-0.26,0.11
1.148424,22.8,-0.26,0.11
1.149484,22.8,-0.26,0.11
1.150502,22.8,-0.26,0.11
1.151521,22.8,-0.26,0.11
1.152754,22.8,-0.26,0.11
1.153924,23.04,-0.26,0.35
1.155075,23.04,-0.26,0.35
1.156157,23.04,-0.26,0.35
1.157384,23.04,-0.26,0.35
1.15857,23.04,-0.26,0.35
1.159603,23.04,-0.26,0.35
1.160638,23.04,-0.26,0.35
1.161737,23.04,-0.26,0.35
1.162753,23.04,-0.26,0.35
1.163768,23.04,-0.26,0.35
1.164784,23.04,-0.26,0.35
1.166111,23.04,-0.26,0.35
1.167282,23.04,-0.26,0.35
1.16847,23.04,-0.26,0.35
1.169718,23.04,-0.26,0.35
1.17089,23.04,-0.26,0.35
1.172058,23.04,-0.26,0.35
1.173286,23.04,-0.26,0.35
1.174498,23.04,-0.26,0.35
1.175697,23.04,-0.26,0.35
1.176891,23.04,-0.26,0.35
1.17807,23.52,-0.26,0.35
1.17924,23.52,-0.26,0.35
1.180381,23.52,-0.26,0.35
1.181575,23.52,-0.26,0.35
1.182688,23.52,-0.26,0.35
1.183807,23.52,-0.26,0.35
1.185015,23.52,-0.26,0.35
1.186221,23.52,-0.26,0.35
1.187405,23.52,-0.26,0.35
1.188601,23.52,-0.26,0.35
1.189798,24,-0.26,0.35
1.190961,24,-0.26,0.35
1.192081,24,-0.26,0.35
1.193259,24,-0.26,0.35
1.194385,24,-0.26,0.35
1.195505,24,-0.26,0.35
1.196635,24,-0.26,0.35
1.197831,24,-0.26,0.35
1.198954,24,-0.26,0.35
1.200086,24,-0.26,0.35
1.201291,24,-0.26,0.35
1.202484,24,-0.26,0.35
1.20364,24,-0.26,0.35
1.204838,24,-0.26,0.35
1.206088,24.24,-0.26,0.35
1.207335,24.24,-0.26,0.35
1.208554,24.24,-0.26,0.35
1.20977,24.24,-0.26,0.35
1.210928,24.24,-0.26,0.35
1.212082,24.24,-0.26,0.35
1.213269,24.24,-0.26,0.35
1.214368,24.24,-0.26,0.35
1.215446,24.24,-0.26,0.35
1.216629,24.24,-0.26,0.35
1.217784,24.24,-0.26,0.35
1.218965,24.24,-0.26,0.35
1.220062,24.24,-0.26,0.35
1.221303,24.24,-0.26,0.35
1.222406,24.48,-0.26,0.35
1.223567,24.48,-0.26,0.35
1.22465,24.48,-0.26,0.35
1.225791,24.48,-0.26,0.35
1.226885,24.48,-0.26,0.35
1.227965,24.48,-0.26,0.35
1.22913,24.48,-0.26,0.35
1.230214,24.48,-0.26,0.35
1.231311,24.48,-0.26,0.35
1.232519,24.48,-0.26,0.35
1.233725,24.48,-0.26,0.35
1.234905,24.48,-0.26,0.35
1.23599,24.48,-0.26,0.35
1.237244,24.48,-0.26,0.35
1.238319,24.48,-0.26,0.35
1.239461,24.48,-0.26,0.35
1.240479,24.48,-0.26,0.35
1.241597,24.48,-0.26,0.35
1.242611,24.48,-0.26,0.35
1.243626,24.48,-0.26,0.35
1.244639,24.48,-0.26,0.35
1.245672,24.48,-0.26,0.35
1.246678,24.48,-0.26,0.35
1.247692,24.48,-0.26,0.35
1.24881,24.48,-0.26,0.35
1.249909,24.48,-0.26,0.35
1.251062,24.48,-0.26,0.35
1.252087,24.48,-0.26,0.35
1.253267,24.48,-0.26,0.35
1.254285,25.2,-0.26,0.35
1.255405,25.2,-0.26,0.35
1.256417,25.2,-0.26,0.35
1.257501,25.2,-0.26,0.35
1.258517,25.2,-0.26,0.35
1.259537,25.2,-0.26,0.35
1.260554,25.2,-0.26,0.35
1.261635,25.2,-0.26,0.35
1.262657,25.2,-0.26,0.35
1.263719,25.2,-0.26,0.35
1.264905,25.2,-0.26,0.35
1.265969,25.2,-0.26,0.35
1.267144,25.2,-0.26,0.35
1.26816,25.2,-0.26,0.35
1.269336,25.2,-0.26,0.35
1.270468,25.68,-0.02,0.11
1.271658,25.68,-0.02,0.11
1.272671,25.68,-0.02,0.11
1.273747,25.68,-0.02,0.11
1.274762,25.68,-0.02,0.11
1.275777,25.68,-0.02,0.11
1.276804,25.68,-0.02,0.11
1.278102,25.68,-0.02,0.11
1.279112,25.68,-0.02,0.11
1.280128,25.68,-0.02,0.11
1.281304,25.68,-0.02,0.11
1.282418,25.68,-0.02,0.11
1.283519,25.68,-0.02,0.11
1.284652,25.68,-0.02,0.11
1.285706,25.92,-0.26,0.35
1.286836,25.92,-0.26,0.35
1.287854,25.92,-0.26,0.35
1.288934,25.92,-0.26,0.35
1.289951,25.92,-0.26,0.35
1.290963,25.92,-0.26,0.35
1.291973,25.92,-0.26,0.35
1.29303,25.92,-0.26,0.35
1.294047,25.92,-0.26,0.35
1.295064,25.92,-0.26,0.35
1.296075,25.92,-0.26,0.35
1.297259,25.92,-0.26,0.35
1.298309,25.92,-0.26,0.35
1.299422,25.92,-0.26,0.35
1.300514,25.92,-0.26,0.35
1.301612,26.4,-0.26,0.35
1.302723,26.4,-0.26,0.35
1.303725,26.4,-0.26,0.35
1.304733,26.4,-0.26,0.35
1.305801,26.4,-0.26,0.35
1.306826,26.4,-0.26,0.35
1.30784,26.4,-0.26,0.35
1.308983,26.4,-0.26,0.35
1.309996,26.4,-0.26,0.35
1.311007,26.4,-0.26,0.35
1.312017,26.4,-0.26,0.35
1.313075,26.4,-0.26,0.35
1.314082,26.4,-0.26,0.35
1.315237,26.4,-0.26,0.35
1.316274,26.4,-0.26,0.35
1.317422,26.4,-0.26,0.35
1.318463,26.4,-0.26,0.35
1.319544,28.56,-0.26,0.35
1.320654,28.56,-0.26,0.35
1.321834,28.56,-0.26,0.35
1.323104,28.56,-0.26,0.35
1.324114,28.56,-0.26,0.35
1.325193,28.56,-0.26,0.35
1.326199,28.56,-0.26,0.35
1.327203,28.56,-0.26,0.35
1.328205,28.56,-0.26,0.35
1.329374,28.56,-0.26,0.35
1.330431,28.56,-0.26,0.35
1.331532,28.56,-0.26,0.35
1.332676,28.56,-0.26,0.35
1.333738,27.12,-0.26,0.35
1.334849,27.12,-0.26,0.35
1.335853,27.12,-0.26,0.35
1.336919,27.12,-0.26,0.35
1.337937,27.12,-0.26,0.35
1.338947,27.12,-0.26,0.35
1.339951,27.12,-0.26,0.35
1.341013,27.12,-0.26,0.35
1.342085,27.12,-0.26,0.35
1.343102,27.12,-0.26,0.35
1.344111,27.12,-0.26,0.35
1.345302,27.12,-0.26,0.35
1.346336,27.12,-0.26,0.35
1.347445,27.12,-0.26,0.35
1.348585,27.12,-0.26,0.35
1.349671,27.36,-0.26,0.35
1.350778,27.36,-0.26,0.35
1.351783,27.36,-0.26,0.35
1.352788,27.36,-0.26,0.35
1.353849,27.36,-0.26,0.35
1.35485,27.36,-0.26,0.35
1.355865,27.36,-0.26,0.35
1.356909,27.36,-0.26,0.35
1.357914,27.36,-0.26,0.35
1.358917,27.36,-0.26,0.35
1.359922,27.36,-0.26,0.35
1.361075,27.36,-0.26,0.35
1.362127,27.36,-0.26,0.35
1.363231,27.36,-0.26,0.35
1.364232,27.36,-0.26,0.35
1.365366,27.36,-0.26,0.35
1.366373,27.84,-0.26,0.35
1.367494,27.84,-0.26,0.35
1.368502,27.84,-0.26,0.35
1.369514,27.84,-0.26,0.35
1.370513,27.84,-0.26,0.35
1.371512,27.84,-0.26,0.35
1.372511,27.84,-0.26,0.35
1.373531,27.84,-0.26,0.35
1.374528,27.84,-0.26,0.35
1.375525,27.84,-0.26,0.35
1.376631,27.84,-0.26,0.35
1.377706,27.84,-0.26,0.35
1.37881,27.84,-0.26,0.35
1.379996,27.84,-0.26,0.35
1.381164,27.84,-0.26,0.35
1.382197,28.56,-0.26,0.35
1.383301,28.56,-0.26,0.35
1.384303,28.56,-0.26,0.35
1.385319,28.56,-0.26,0.35
1.386319,28.56,-0.26,0.35
1.387315,28.56,-0.26,0.35
1.388311,28.56,-0.26,0.35
1.389316,28.56,-0.26,0.35
1.39031,28.56,-0.26,0.35
1.391315,28.56,-0.26,0.35
1.392312,28.56,-0.26,0.35
1.393452,28.56,-0.26,0.35
1.394577,28.56,-0.26,0.35
1.395587,28.56,-0.26,0.35
1.396693,28.56,-0.26,0.35
1.397741,28.8,-0.26,0.11
1.398849,28.8,-0.26,0.11
1.399847,28.8,-0.26,0.11
1.400848,28.8,-0.26,0.11
1.401849,28.8,-0.26,0.11
1.402848,28.8,-0.26,0.11
1.403857,28.8,-0.26,0.11
1.404862,28.8,-0.26,0.11
1.405858,28.8,-0.26,0.11
1.406863,28.8,-0.26,0.11
1.4079,28.8,-0.26,0.11
1.40909,28.8,-0.26,0.11
1.410129,28.8,-0.26,0.11
1.411332,28.8,-0.26,0.11
1.412341,28.8,-0.26,0.11
1.413541,28.8,-0.26,0.11
1.414659,28.8,-0.26,0.35
1.415682,28.8,-0.26,0.35
1.416695,28.8,-0.26,0.35
1.417759,28.8,-0.26,0.35
1.418765,28.8,-0.26,0.35
1.419772,28.8,-0.26,0.35
1.42078,28.8,-0.26,0.35
1.421806,28.8,-0.26,0.35
1.422843,28.8,-0.26,0.35
1.423853,28.8,-0.26,0.35
1.425004,28.8,-0.26,0.35
1.426054,28.8,-0.26,0.35
1.427181,28.8,-0.26,0.35
1.428183,28.8,-0.26,0.35
1.429343,28.8,-0.26,0.35
1.43035,29.28,-0.26,0.35
1.431483,29.28,-0.26,0.35
1.432539,29.28,-0.26,0.35
1.4336,29.28,-0.26,0.35
1.434609,29.28,-0.26,0.35
1.435617,29.28,-0.26,0.35
1.436625,29.28,-0.26,0.35
1.437671,29.28,-0.26,0.35
1.438676,29.28,-0.26,0.35
1.439691,29.28,-0.26,0.35
1.440809,29.28,-0.26,0.35
1.441903,29.28,-0.26,0.35
1.443018,29.28,-0.26,0.35
1.444024,29.28,-0.26,0.35
1.445188,29.28,-0.26,0.35
1.446198,30,-0.26,0.35
1.447313,30,-0.26,0.35
1.448329,30,-0.26,0.35
1.449377,30,-0.26,0.35
1.450384,30,-0.26,0.35
1.451433,30,-0.26,0.35
1.452441,30,-0.26,0.35
1.453452,30,-0.26,0.35
1.454464,30,-0.26,0.35
1.455471,30,-0.26,0.35
1.45658,30,-0.26,0.35
1.457662,30,-0.26,0.35
1.45879,30,-0.26,0.35
1.459795,30,-0.26,0.35
1.460976,30,-0.26,0.35
1.461982,30,-0.26,0.35
1.46309,30,-0.26,0.35
1.464136,30,-0.26,0.35
1.465224,30,-0.26,0.35
1.466231,30,-0.26,0.35
1.467235,30,-0.26,0.35
1.468247,30,-0.26,0.35
1.469317,30,-0.26,0.35
1.470442,30,-0.26,0.35
1.471687,30,-0.26,0.35
1.472807,30,-0.26,0.35
1.473907,30,-0.26,0.35
1.475023,30,-0.26,0.35
1.476046,30,-0.26,0.35
1.477375,30,-0.26,0.35
1.4786,30,-0.26,0.35
1.479608,30,-0.26,0.35
1.480622,30,-0.26,0.35
1.48169,30,-0.26,0.35
1.482743,30,-0.26,0.35
1.483755,30,-0.26,0.35
1.484766,30,-0.26,0.35
1.486225,30,-0.26,0.35
1.487601,30,-0.26,0.35
1.488796,30,-0.26,0.35
1.489993,30,-0.26,0.35
1.491218,30,-0.26,0.35
1.492462,30,-0.26,0.35
1.493901,30.24,-0.26,0.11
1.495122,30.24,-0.26,0.11
1.496223,30.24,-0.26,0.11
1.497361,30.24,-0.26,0.11
1.498437,30.24,-0.26,0.11
1.499512,30.24,-0.26,0.11
1.500696,30.24,-0.26,0.11
1.502331,30.24,-0.26,0.11
1.503599,30.24,-0.26,0.11
1.504996,30.24,-0.26,0.11
1.506309,30.24,-0.26,0.11
1.507546,30.24,-0.26,0.11
1.508729,30.24,-0.26,0.11
1.509906,30.96,-0.5,0.35
1.511228,30.96,-0.5,0.35
1.5123,30.96,-0.5,0.35
1.513522,30.96,-0.5,0.35
1.514597,30.96,-0.5,0.35
1.515743,30.96,-0.5,0.35
1.517003,30.96,-0.5,0.35
1.518164,30.96,-0.5,0.35
1.519258,30.96,-0.5,0.35
1.520486,30.96,-0.5,0.35
1.521681,30.96,-0.5,0.35
1.522901,30.96,-0.5,0.35
1.524099,30.96,-0.5,0.35
1.525301,30.96,-0.5,0.35
1.52637,31.44,-0.26,0.35
1.527595,31.44,-0.26,0.35
1.528671,31.44,-0.26,0.35
1.529806,31.44,-0.26,0.35
1.53111,31.44,-0.26,0.35
1.532255,31.44,-0.26,0.35
1.533378,31.44,-0.26,0.35
1.534451,31.44,-0.26,0.35
1.535529,31.44,-0.26,0.35
1.536688,31.44,-0.26,0.35
1.537797,31.44,-0.26,0.35
1.538954,31.44,-0.26,0.35
1.540026,31.44,-0.26,0.35
1.541211,31.44,-0.26,0.35
1.542281,31.68,-0.26,0.35
1.543426,31.68,-0.26,0.35
1.544564,31.68,-0.26,0.35
1.545698,31.68,-0.26,0.35
1.546736,31.68,-0.26,0.35
1.547746,31.68,-0.26,0.35
1.548794,31.68,-0.26,0.35
1.549875,31.68,-0.26,0.35
1.550889,31.68,-0.26,0.35
1.551899,31.68,-0.26,0.35
1.553072,31.68,-0.26,0.35
1.554222,31.68,-0.26,0.35
1.555341,31.68,-0.26,0.35
1.556367,31.68,-0.26,0.35
1.557565,31.68,-0.26,0.35
1.558733,31.92,-0.26,0.35
1.559905,31.92,-0.26,0.35
1.561021,31.92,-0.26,0.35
1.562051,31.92,-0.26,0.35
1.563106,31.92,-0.26,0.35
1.564121,31.92,-0.26,0.35
1.565204,31.92,-0.26,0.35
1.566224,31.92,-0.26,0.35
1.567242,31.92,-0.26,0.35
1.568271,31.92,-0.26,0.35
1.56947,31.92,-0.26,0.35
1.570632,31.92,-0.26,0.35
1.571655,31.92,-0.26,0.35
1.572998,31.92,-0.26,0.35
1.574129,32.4,-0.26,0.35
1.57527,32.4,-0.26,0.35
1.57629,32.4,-0.26,0.35
1.577382,32.4,-0.26,0.35
1.5784,32.4,-0.26,0.35
1.579416,32.4,-0.26,0.35
1.580438,32.4,-0.26,0.35
1.581512,32.4,-0.26,0.35
1.582562,32.4,-0.26,0.35
1.583582,32.4,-0.26,0.35
1.584703,32.4,-0.26,0.35
1.585828,32.4,-0.26,0.35
1.586994,32.4,-0.26,0.35
1.588006,32.4,-0.26,0.35
1.589197,32.4,-0.26,0.35
1.590203,32.64,-0.26,0.35
1.59132,32.64,-0.26,0.35
1.592369,32.64,-0.26,0.35
1.593447,32.64,-0.26,0.35
1.594457,32.64,-0.26,0.35
1.595465,32.64,-0.26,0.35
1.596475,32.64,-0.26,0.35
1.597542,32.64,-0.26,0.35
1.59856,32.64,-0.26,0.35
1.599588,32.64,-0.26,0.35
1.600755,32.64,-0.26,0.35
1.601876,32.64,-0.26,0.35
1.602995,32.64,-0.26,0.35
1.604012,32.64,-0.26,0.35
1.605201,32.64,-0.26,0.35
1.60622,32.88,-0.26,0.35
1.607343,32.88,-0.26,0.35
1.608392,32.88,-0.26,0.35
1.60946,32.88,-0.26,0.35
1.610465,32.88,-0.26,0.35
1.611476,32.88,-0.26,0.35
1.612482,32.88,-0.26,0.35
1.613553,32.88,-0.26,0.35
1.614558,32.88,-0.26,0.35
1.615645,32.88,-0.26,0.35
1.616834,32.88,-0.26,0.35
1.617924,32.88,-0.26,0.35
1.619048,32.88,-0.26,0.35
1.620058,32.88,-0.26,0.35
1.621234,32.88,-0.26,0.35
1.622247,33.36,-0.26,0.35
1.623374,33.36,-0.26,0.35
1.624386,33.36,-0.26,0.35
1.625406,33.36,-0.26,0.35
1.626424,33.36,-0.26,0.35
1.627439,33.36,-0.26,0.35
1.628448,33.36,-0.26,0.35
1.62947,33.36,-0.26,0.35
1.630479,33.36,-0.26,0.35
1.63149,33.36,-0.26,0.35
1.632639,33.36,-0.26,0.35
1.633748,33.36,-0.26,0.35
1.63487,33.36,-0.26,0.35
1.635896,33.36,-0.26,0.35
1.637057,33.36,-0.26,0.35
1.638068,33.84,-0.26,0.35
1.639184,33.84,-0.26,0.35
1.640195,33.84,-0.26,0.35
1.641275,33.84,-0.26,0.35
1.642324,33.84,-0.26,0.35
1.643328,33.84,-0.26,0.35
1.644333,33.84,-0.26,0.35
1.645349,33.84,-0.26,0.35
1.646356,33.84,-0.26,0.35
1.647379,33.84,-0.26,0.35
1.648384,33.84,-0.26,0.35
1.649567,33.84,-0.26,0.35
1.650748,33.84,-0.26,0.35
1.651756,33.84,-0.26,0.35
1.652917,33.84,-0.26,0.35
1.653933,34.08,-0.26,0.35
1.655043,34.08,-0.26,0.35
1.656046,34.08,-0.26,0.35
1.657096,34.08,-0.26,0.35
1.658104,34.08,-0.26,0.35
1.659108,34.08,-0.26,0.35
1.660126,34.08,-0.26,0.35
1.661143,34.08,-0.26,0.35
1.662153,34.08,-0.26,0.35
1.663159,34.08,-0.26,0.35
1.664196,34.08,-0.26,0.35
1.665374,34.08,-0.26,0.35
1.666439,34.08,-0.26,0.35
1.66754,34.08,-0.26,0.35
1.668653,34.08,-0.26,0.35
1.669718,34.56,-0.26,0.35
1.671036,34.56,-0.26,0.35
1.672071,34.56,-0.26,0.35
1.673131,34.56,-0.26,0.35
1.674136,34.56,-0.26,0.35
1.675143,34.56,-0.26,0.35
1.676154,34.56,-0.26,0.35
1.677378,34.56,-0.26,0.35
1.678465,34.56,-0.26,0.35
1.679475,34.56,-0.26,0.35
1.680491,34.56,-0.26,0.35
1.681553,34.56,-0.26,0.35
1.682708,34.56,-0.26,0.35
1.683766,34.56,-0.26,0.35
1.685004,34.56,-0.26,0.35
1.686024,34.56,-0.26,0.35
1.68715,34.56,-0.26,0.35
1.688168,36.24,-0.26,0.35
1.689291,36.24,-0.26,0.35
1.690319,36.24,-0.26,0.35
1.691333,36.24,-0.26,0.35
1.692346,36.24,-0.26,0.35
1.693536,36.24,-0.26,0.35
1.694551,36.24,-0.26,0.35
1.695562,36.24,-0.26,0.35
1.696682,36.24,-0.26,0.35
1.69776,36.24,-0.26,0.35
1.698868,36.24,-0.26,0.35
1.699881,36.24,-0.26,0.35
1.701039,36.24,-0.26,0.35
1.70205,35.52,-0.26,0.35
1.703172,35.52,-0.26,0.35
1.704182,35.52,-0.26,0.35
1.705247,35.52,-0.26,0.35
1.706257,35.52,-0.26,0.35
1.707265,35.52,-0.26,0.35
1.708283,35.52,-0.26,0.35
1.709295,35.52,-0.26,0.35
1.710301,35.52,-0.26,0.35
1.711309,35.52,-0.26,0.35
1.712317,35.52,-0.26,0.35
1.713483,35.52,-0.26,0.35
1.714637,35.52,-0.26,0.35
1.715636,35.52,-0.26,0.35
1.716741,35.52,-0.26,0.35
1.717781,36.24,-0.26,0.35
1.719603,36.24,-0.26,0.35
1.721354,36.24,-0.26,0.35
1.722488,36.24,-0.26,0.35
1.723627,36.24,-0.26,0.35
1.72475,36.24,-0.26,0.35
1.725838,36.24,-0.26,0.35
1.726855,36.24,-0.26,0.35
1.72787,36.24,-0.26,0.35
1.729062,36.24,-0.26,0.35
1.730148,36.24,-0.26,0.35
1.73126,36.24,-0.26,0.35
1.732271,36.24,-0.26,0.35
1.733449,36.24,-0.26,0.35
1.73456,36.24,-0.26,0.35
1.735578,36.24,-0.26,0.35
1.736591,36.24,-0.26,0.35
1.737674,36.24,-0.26,0.35
1.73869,36.24,-0.26,0.35
1.739707,36.24,-0.26,0.35
1.740729,36.24,-0.26,0.35
1.741798,36.24,-0.26,0.35
1.743033,36.24,-0.26,0.35
1.744045,36.24,-0.26,0.35
1.745215,36.24,-0.26,0.35
1.746259,36.24,-0.26,0.35
1.747385,36.24,-0.26,0.35
1.748505,36.24,-0.26,0.35
1.749604,36.96,-0.5,0.35
1.75072,36.96,-0.5,0.35
1.751728,36.96,-0.5,0.35
1.752752,36.96,-0.5,0.35
1.7538,36.96,-0.5,0.35
1.754814,36.96,-0.5,0.35
1.75582,36.96,-0.5,0.35
1.756858,36.96,-0.5,0.35
1.757877,36.96,-0.5,0.35
1.758895,36.96,-0.5,0.35
1.759894,36.96,-0.5,0.35
1.760907,36.96,-0.5,0.35
1.761915,36.96,-0.5,0.35
1.763035,36.96,-0.5,0.35
1.764083,36.96,-0.5,0.35
1.765267,36.96,-0.5,0.35
1.76628,36.96,-0.5,0.35
1.767409,36.96,-0.5,0.35
1.768444,37.44,-0.5,0.35
1.769597,37.44,-0.5,0.35
1.77062,37.44,-0.5,0.35
1.771635,37.44,-0.5,0.35
1.772649,37.44,-0.5,0.35
1.773703,37.44,-0.5,0.35
1.774715,37.44,-0.5,0.35
1.775725,37.44,-0.5,0.35
1.77691,37.44,-0.5,0.35
1.777959,37.44,-0.5,0.35
1.779076,37.44,-0.5,0.35
1.780096,37.44,-0.5,0.35
1.781273,37.44,-0.5,0.35
1.782283,37.68,-0.26,0.35
1.783419,37.68,-0.26,0.35
1.784439,37.68,-0.26,0.35
1.7855,37.68,-0.26,0.35
1.786515,37.68,-0.26,0.35
1.787528,37.68,-0.26,0.35
1.788544,37.68,-0.26,0.35
1.789607,37.68,-0.26,0.35
1.79062,37.68,-0.26,0.35
1.791635,37.68,-0.26,0.35
1.792751,37.68,-0.26,0.35
1.793839,37.68,-0.26,0.35
1.794966,37.68,-0.26,0.35
1.795982,37.68,-0.26,0.35
1.797158,37.68,-0.26,0.35
1.798174,37.68,-0.26,0.11
1.79929,37.68,-0.26,0.11
1.800298,37.68,-0.26,0.11
1.801317,37.68,-0.26,0.11
1.802324,37.68,-0.26,0.11
1.803332,37.68,-0.26,0.11
1.804339,37.68,-0.26,0.11
1.805353,37.68,-0.26,0.11
1.80636,37.68,-0.26,0.11
1.807405,37.68,-0.26,0.11
1.808447,37.68,-0.26,0.11
1.809497,37.68,-0.26,0.11
1.810614,37.68,-0.26,0.11
1.811646,37.68,-0.26,0.11
1.81279,37.68,-0.26,0.11
1.813873,37.68,-0.26,0.11
1.815011,37.68,-0.26,0.11
1.816023,37.68,-0.26,0.35
1.817197,37.68,-0.26,0.35
1.818208,37.68,-0.26,0.35
1.819229,37.68,-0.26,0.35
1.820238,37.68,-0.26,0.35
1.821461,37.68,-0.26,0.35
1.822627,37.68,-0.26,0.35
1.823647,37.68,-0.26,0.35
1.82467,37.68,-0.26,0.35
1.825763,37.68,-0.26,0.35
1.826899,37.68,-0.26,0.35
1.82795,37.68,-0.26,0.35
1.829114,37.68,-0.26,0.35
1.830135,37.68,-0.26,0.35
1.831265,37.68,-0.26,0.35
1.83228,38.16,-0.26,0.35
1.83341,38.16,-0.26,0.35
1.834428,38.16,-0.26,0.35
1.83544,38.16,-0.26,0.35
1.836455,38.16,-0.26,0.35
1.837492,38.16,-0.26,0.35
1.838506,38.16,-0.26,0.35
1.839518,38.16,-0.26,0.35
1.840643,38.16,-0.26,0.35
1.841754,38.16,-0.26,0.35
1.842905,38.16,-0.26,0.35
1.843932,38.16,-0.26,0.35
1.845118,38.16,-0.26,0.35
1.846136,38.4,-0.26,0.11
1.847254,38.4,-0.26,0.11
1.848275,38.4,-0.26,0.11
1.849352,38.4,-0.26,0.11
1.850383,38.4,-0.26,0.11
1.851428,38.4,-0.26,0.11
1.85244,38.4,-0.26,0.11
1.853506,38.4,-0.26,0.11
1.854515,38.4,-0.26,0.11
1.85554,38.4,-0.26,0.11
1.856549,38.4,-0.26,0.11
1.85768,38.4,-0.26,0.11
1.858804,38.4,-0.26,0.11
1.859851,38.4,-0.26,0.11
1.861037,38.4,-0.26,0.11
1.862057,38.4,-0.26,0.11
1.863171,38.4,-0.26,0.11
1.864212,38.88,-0.26,0.35
1.865384,38.88,-0.26,0.35
1.866388,38.88,-0.26,0.35
1.867398,38.88,-0.26,0.35
1.868416,38.88,-0.26,0.35
1.869489,38.88,-0.26,0.35
1.870727,38.88,-0.26,0.35
1.871804,38.88,-0.26,0.35
1.872978,38.88,-0.26,0.35
1.874037,38.88,-0.26,0.35
1.875149,38.88,-0.26,0.35
1.87616,38.88,-0.26,0.35
1.877552,38.88,-0.26,0.35
1.878695,39.12,-0.26,0.35
1.879708,39.12,-0.26,0.35
1.880728,39.12,-0.26,0.35
1.881804,39.12,-0.26,0.35
1.88285,39.12,-0.26,0.35
1.883857,39.12,-0.26,0.35
1.884967,39.12,-0.26,0.35
1.885976,39.12,-0.26,0.35
1.886995,39.12,-0.26,0.35
1.888005,39.12,-0.26,0.35
1.889054,39.12,-0.26,0.35
1.890064,39.12,-0.26,0.35
1.891178,39.12,-0.26,0.35
1.892222,39.12,-0.26,0.35
1.89338,39.12,-0.26,0.35
1.894488,39.12,-0.26,0.35
1.895551,39.6,-0.26,0.35
1.896666,39.6,-0.26,0.35
1.897688,39.6,-0.26,0.35
1.898708,39.6,-0.26,0.35
1.899724,39.6,-0.26,0.35
1.90074,39.6,-0.26,0.35
1.901761,39.6,-0.26,0.35
1.902775,39.6,-0.26,0.35
1.903792,39.6,-0.26,0.35
1.904815,39.6,-0.26,0.35
1.905833,39.6,-0.26,0.35
1.906951,39.6,-0.26,0.35
1.908,39.6,-0.26,0.35
1.90915,39.6,-0.26,0.35
1.910161,39.6,-0.26,0.35
1.911293,39.6,-0.26,0.35
1.912308,39.84,-0.26,0.35
1.913483,39.84,-0.26,0.35
1.914502,39.84,-0.26,0.35
1.915522,39.84,-0.26,0.35
1.916543,39.84,-0.26,0.35
1.917594,39.84,-0.26,0.35
1.918609,39.84,-0.26,0.35
1.919621,39.84,-0.26,0.35
1.920631,39.84,-0.26,0.35
1.921683,39.84,-0.26,0.35
1.922895,39.84,-0.26,0.35
1.923945,39.84,-0.26,0.35
1.925306,39.84,-0.26,0.35
1.926328,39.84,-0.26,0.35
1.927462,39.84,-0.26,0.35
1.928568,40.08,-0.26,0.35
1.929664,40.08,-0.26,0.35
1.930677,40.08,-0.26,0.35
1.931698,40.08,-0.26,0.35
1.93271,40.08,-0.26,0.35
1.933797,40.08,-0.26,0.35
1.934809,40.08,-0.26,0.35
1.935837,40.08,-0.26,0.35
1.936889,40.08,-0.26,0.35
1.937905,40.08,-0.26,0.35
1.939013,40.08,-0.26,0.35
1.940065,40.08,-0.26,0.35
1.941306,40.08,-0.26,0.35
1.94236,40.08,-0.26,0.35
1.943492,40.08,-0.26,0.35
1.944608,40.32,-0.26,0.11
1.945684,40.32,-0.26,0.11
1.946697,40.32,-0.26,0.11
1.947725,40.32,-0.26,0.11
1.948776,40.32,-0.26,0.11
1.949846,40.32,-0.26,0.11
1.950856,40.32,-0.26,0.11
1.951869,40.32,-0.26,0.11
1.952941,40.32,-0.26,0.11
1.95414,40.32,-0.26,0.11
1.955256,40.32,-0.26,0.11
1.956296,40.32,-0.26,0.11
1.957464,40.32,-0.26,0.11
1.958545,40.32,-0.26,0.11
1.959592,40.8,-0.26,0.35
1.960702,40.8,-0.26,0.35
1.961751,40.8,-0.26,0.35
1.962757,40.8,-0.26,0.35
1.963764,40.8,-0.26,0.35
1.964774,40.8,-0.26,0.35
1.965844,40.8,-0.26,0.35
1.966852,40.8,-0.26,0.35
1.967861,40.8,-0.26,0.35
1.968909,40.8,-0.26,0.35
1.969918,40.8,-0.26,0.35
1.971027,40.8,-0.26,0.35
1.972079,40.8,-0.26,0.35
1.97324,40.8,-0.26,0.35
1.97425,40.8,-0.26,0.35
1.97537,40.8,-0.26,0.35
1.976382,41.52,-0.26,0.35
1.977538,41.52,-0.26,0.35
1.978554,41.52,-0.26,0.35
1.97956,41.52,-0.26,0.35
1.980571,41.52,-0.26,0.35
1.981628,41.52,-0.26,0.35
1.982642,41.52,-0.26,0.35
1.983695,41.52,-0.26,0.35
1.984709,41.52,-0.26,0.35
1.986082,41.52,-0.26,0.35
1.98755,41.52,-0.26,0.35
1.988766,41.52,-0.26,0.35
1.989918,41.52,-0.26,0.35
1.991128,41.52,-0.26,0.35
1.992204,41.52,-0.26,0.35
1.993444,41.52,-0.26,0.35
1.994521,41.52,-0.26,0.35
1.9956,41.52,-0.26,0.35
1.996675,41.52,-0.26,0.35
1.997839,41.52,-0.26,0.35
1.998915,41.52,-0.26,0.35
2.000131,41.52,-0.26,0.35
2.001349,41.52,-0.26,0.35
2.002655,41.52,-0.26,0.35
2.003871,41.52,-0.26,0.35
2.005243,41.52,-0.26,0.35
2.006669,41.52,-0.26,0.35
2.007763,42.24,-0.26,0.35
2.008932,42.24,-0.26,0.35
2.010017,42.24,-0.26,0.35
2.011108,42.24,-0.26,0.35
2.012186,42.24,-0.26,0.35
2.013324,42.24,-0.26,0.35
2.014404,42.24,-0.26,0.35
2.015487,42.24,-0.26,0.35
2.016542,42.24,-0.26,0.35
2.017653,42.24,-0.26,0.35
2.018779,42.24,-0.26,0.35
2.019835,42.24,-0.26,0.35
2.021171,42.24,-0.26,0.35
2.022196,42.24,-0.26,0.35
2.023336,42.24,-0.26,0.35
2.024356,42.48,-0.26,0.35
2.025628,42.48,-0.26,0.35
2.026714,42.48,-0.26,0.35
2.027795,42.48,-0.26,0.35
2.028926,42.48,-0.26,0.35
2.030019,42.48,-0.26,0.35
2.0311,42.48,-0.26,0.35
2.032176,42.48,-0.26,0.35
2.0333,42.48,-0.26,0.35
2.034376,42.48,-0.26,0.35
2.035536,42.48,-0.26,0.35
2.036702,42.48,-0.26,0.35
2.037792,42.48,-0.26,0.35
2.038923,42.48,-0.26,0.35
2.039936,42.72,-0.26,0.35
2.041117,42.72,-0.26,0.35
2.042165,42.72,-0.26,0.35
2.043189,42.72,-0.26,0.35
2.044201,42.72,-0.26,0.35
2.045291,42.72,-0.26,0.35
2.046306,42.72,-0.26,0.35
2.047327,42.72,-0.26,0.35
2.048356,42.72,-0.26,0.35
2.049428,42.72,-0.26,0.35
2.050525,42.72,-0.26,0.35
2.052043,42.72,-0.26,0.35
2.053323,42.72,-0.26,0.35
2.054499,42.72,-0.26,0.35
2.055619,43.2,-0.26,0.35
2.056736,43.2,-0.26,0.35
2.057869,43.2,-0.26,0.35
2.058901,43.2,-0.26,0.35
2.059937,43.2,-0.26,0.35
2.061008,43.2,-0.26,0.35
2.06204,43.2,-0.26,0.35
2.063058,43.2,-0.26,0.35
2.064112,43.2,-0.26,0.35
2.065195,43.2,-0.26,0.35
2.066218,43.2,-0.26,0.35
2.067352,43.2,-0.26,0.35
2.068425,43.2,-0.26,0.35
2.069587,43.2,-0.26,0.35
2.070863,43.2,-0.26,0.35
2.07216,43.2,-0.26,0.35
2.073459,42.96,-0.26,0.11
2.074722,42.96,-0.26,0.11
2.075749,42.96,-0.26,0.11
2.07677,42.96,-0.26,0.11
2.078122,42.96,-0.26,0.11
2.079146,42.96,-0.26,0.11
2.080169,42.96,-0.26,0.11
2.081265,42.96,-0.26,0.11
2.082295,42.96,-0.26,0.11
2.083417,42.96,-0.26,0.11
2.084534,42.96,-0.26,0.11
2.085628,42.96,-0.26,0.11
2.086733,42.96,-0.26,0.11
2.08776,43.68,-0.26,0.35
2.088905,43.68,-0.26,0.35
2.089931,43.68,-0.26,0.35
2.091238,43.68,-0.26,0.35
2.092678,43.68,-0.26,0.35
2.0939,43.68,-0.26,0.35
2.095001,43.68,-0.26,0.35
2.096097,43.68,-0.26,0.35
2.09726,43.68,-0.26,0.35
2.098354,43.68,-0.26,0.35
2.099515,43.68,-0.26,0.35
2.100719,43.68,-0.26,0.35
2.101838,43.68,-0.26,0.35
2.102998,43.68,-0.26,0.35
2.104079,43.92,-0.26,0.35
2.105292,43.92,-0.26,0.35
2.106578,43.92,-0.26,0.35
2.107815,43.92,-0.26,0.35
2.109032,43.92,-0.26,0.35
2.110226,43.92,-0.26,0.35
2.111514,43.92,-0.26,0.35
2.112605,43.92,-0.26,0.35
2.113785,43.92,-0.26,0.35
2.114912,43.92,-0.26,0.35
2.116005,43.92,-0.26,0.35
2.117159,43.92,-0.26,0.35
2.118184,43.92,-0.26,0.35
2.119277,43.92,-0.26,0.35
2.120498,43.92,-0.26,0.35
2.121607,43.92,-0.26,0.35
2.122632,43.92,-0.26,0.35
2.123655,43.92,-0.26,0.35
2.124785,43.92,-0.26,0.35
2.126147,43.92,-0.26,0.35
2.127255,43.92,-0.26,0.35
2.128388,43.92,-0.26,0.35
2.129542,43.92,-0.26,0.35
2.13066,43.92,-0.26,0.35
2.131744,43.92,-0.26,0.35
2.132951,43.92,-0.26,0.35
2.134049,43.92,-0.26,0.35
2.13517,43.92,-0.26,0.35
2.136246,44.16,-0.26,0.35
